25
368.000000 288.000000
92.000000 429.000000
345.000000 247.000000
203.000000 422.000000
45.000000 0.000000
413.000000 176.000000
439.000000 265.000000
218.000000 460.000000
192.000000 327.000000
255.000000 406.000000
106.000000 274.000000
217.000000 380.000000
169.000000 165.000000
52.000000 379.000000
492.000000 168.000000
5.000000 215.000000
431.000000 327.000000
343.000000 195.000000
494.000000 175.000000
386.000000 211.000000
18.000000 131.000000
117.000000 137.000000
450.000000 37.000000
82.000000 419.000000
406.000000 217.000000
